 n error residual_max
           2   1.8873791418627661E-015   2.2204460492503131E-016
           3   3.4527936065842368E-014   0.0000000000000000     
           4   4.6216364069096016E-012   0.0000000000000000     
           5   6.5246918978800750E-011   0.0000000000000000     
           6   1.7110166616873812E-009   2.2204460492503131E-016
           7   7.4674319172629566E-008   8.8817841970012523E-016
           8   2.8691120745882870E-007   3.5527136788005009E-015
           9   2.9680213109006814E-005   3.5527136788005009E-015
          10   5.0448378528534787E-003   1.7763568394002505E-015
          11   9.6803859041540319E-002   3.5527136788005009E-015
          12   1.1093649173389724        8.8817841970012523E-016
          13   4.0188560379556764        7.1054273576010019E-015
          14   117.17288739082585        2.4868995751603507E-014
          15   136.21880268578786        1.4210854715202004E-014
          16   68.260458965574315        1.7763568394002505E-014
          17   83.866315766298740        5.3290705182007514E-015
          18   58.457901028512929        3.1974423109204508E-014
          19   26.905519231275779        2.8421709430404007E-014
          20   21.490901508249177        1.4210854715202004E-014
          21   135.94281664573413        1.9362289549462730E-013
          22   105.99695840954725        2.0428103653102880E-014
          23   71.500770889379382        3.5527136788005009E-014
          24   46.136045944066929        6.5725203057809267E-014
          25   346.92729451771521        2.6290081223123707E-013
          26   52.169510818168931        5.6843418860808015E-014
          27   39.045763607873823        4.7961634663806763E-014
          28   25.106094635070555        9.9475983006414026E-014
          29   19.972630122507649        3.9523939676655573E-014
          30   226.60380240781524        2.1982415887578100E-013
          31   80.520738644311336        1.3411494137471891E-013
          32   68.747272542987332        7.1054273576010019E-014
          33   47.492977060804030        6.9277916736609768E-014
          34   69.993428611683754        5.0182080713057076E-014
          35   28.009690697245304        2.5979218776228663E-014
          36   48.961130604415203        7.1054273576010019E-014
          37   44.297955372286545        9.9475983006414026E-014
          38   39066.400605746727        9.4519780891033633E-011
          39   82.517777998517118        1.5276668818842154E-013
          40   221.79999636218005        4.2987835513486061E-013
          41   74.013350437370022        1.1901590823981678E-013
          42   79.171909245235739        1.9639845305619019E-013
          43   504.06580172996303        5.4001247917767614E-013
          44   183.80254803218503        5.2624571367232420E-013
          45   65.279355455052126        1.3145040611561853E-013
          46   110.04835557890667        3.7880809600210341E-013
          47                       NaN                       NaN
          48                       NaN                       NaN
          49                       NaN                       NaN
          50                       NaN                       NaN
          51                       NaN                       NaN
          52                       NaN                       NaN
          53                       NaN                       NaN
          54                       NaN                       NaN
          55                       NaN                       NaN
          56                       NaN                       NaN
          57                       NaN                       NaN
          58                       NaN                       NaN
          59                       NaN                       NaN
          60                       NaN                       NaN
          61                       NaN                       NaN
          62                       NaN                       NaN
          63                       NaN                       NaN
          64                       NaN                       NaN
          65                       NaN                       NaN
          66                       NaN                       NaN
          67                       NaN                       NaN
          68                       NaN                       NaN
          69                       NaN                       NaN
          70                       NaN                       NaN
