 n error residual_max
           1   0.0000000000000000        0.0000000000000000     
           2   6.6613381477509392E-016   1.1102230246251565E-016
           3   1.0880185641326534E-014   0.0000000000000000     
           4   4.7839510131097995E-013   1.1102230246251565E-016
           5   8.1405993057614978E-012   2.2204460492503131E-016
           6   5.0430348785823753E-010   4.4408920985006262E-016
           7   1.6767155330832395E-008   2.2204460492503131E-016
           8   3.6984951523599818E-007   1.1102230246251565E-016
           9   1.4886390883983580E-005   4.4408920985006262E-016
          10   3.6365733837462333E-004   4.4408920985006262E-016
          11   1.5486170795402820E-002   8.8817841970012523E-016
          12   7.4801888500562130E-002   4.4408920985006262E-016
          13   7.5902578966465954        3.3306690738754696E-016
          14   139.29190615089342        4.4408920985006262E-015
          15   12.286112447078150        1.1102230246251565E-015
          16   11.400541742728141        3.3306690738754696E-016
          17   12.447024967687106        8.8817841970012523E-016
          18   46.165215435657579        2.2204460492503131E-015
          19   36.231380453831044        4.4408920985006262E-016
          20   269.34585332413940        3.1086244689504383E-015
          21   145.63093616985256        1.3322676295501878E-015
          22   152.29759108904361        3.3306690738754696E-015
          23   214.56051691222061        2.8865798640254070E-015
          24   579.35105198046870        9.3258734068513149E-015
          25   174.90989423271634        1.3322676295501878E-015
          26   315.32995722847579        4.4408920985006262E-015
          27   150.11122768790503        1.5543122344752192E-015
          28   567.96256859445236        1.0214051826551440E-014
          29   611.78840086031721        7.5495165674510645E-015
          30   187.17862932825889        3.3306690738754696E-015
          31   3058.7093377190645        8.6153306710912148E-014
          32   43.054537952589044        1.3322676295501878E-015
          33   1317.0652434924132        5.2402526762307389E-014
          34   584.40476022684595        1.6875389974302379E-014
          35   114.23940157049194        1.7763568394002505E-015
          36   160.14637068340161        3.5527136788005009E-015
          37   268.32186876242667        4.4408920985006262E-015
          38   242.15340839558843        4.4408920985006262E-015
          39   153.08102855196407        1.7763568394002505E-015
          40   139.61040552734011        1.7763568394002505E-015
          41   84.745916556545140        8.8817841970012523E-016
          42   218.55032767123134        3.5527136788005009E-015
          43   384.05493065169895        4.4408920985006262E-015
          44   333.65552626428712        1.1546319456101628E-014
          45   178.21233937669163        1.7763568394002505E-015
          46   150.01896201496450        5.3290705182007514E-015
          47   586.96923859270305        1.1546319456101628E-014
          48   181.88249463970666        5.3290705182007514E-015
          49   85.443920918797417        2.6645352591003757E-015
          50   558.11794197470272        1.0658141036401503E-014
          51   171.01887140969970        2.2204460492503131E-015
          52   117.18137092075111        1.3322676295501878E-015
          53   526.83332915148230        7.1054273576010019E-015
          54   337.14542309027672        3.5527136788005009E-015
          55   162.27035009747081        4.4408920985006262E-015
          56   562.69300715350357        1.3766765505351941E-014
          57   244.07957420139391        9.1038288019262836E-015
          58   132.79760164488309        4.8849813083506888E-015
          59   359.93218803534347        1.2434497875801753E-014
          60   610.22134987961886        5.7731597280508140E-015
          61   425.14222574163591        5.5511151231257827E-015
          62   322.44718809419123        7.5495165674510645E-015
          63   696.21390544810959        5.3290705182007514E-015
          64   178.65604557390850        7.1054273576010019E-015
          65   2353.9896667076691        4.9293902293356950E-014
          66   317.27809413096560        1.4210854715202004E-014
          67   6099.5965474151171        8.7929663550312398E-014
          68   1656.7876384805331        1.5543122344752192E-014
          69   1534.6970472723374        1.9984014443252818E-014
          70   408.38505729551889        3.5527136788005009E-015
