10
0.757 0.602 0.864 0.572 0.259 0.444 0.370 0.893 0.404 0.893 6.058
0.515 0.000 0.161 0.397 0.199 0.607 0.431 0.892 0.843 0.220 4.265
0.416 0.469 0.549 0.724 0.490 0.436 0.310 0.828 0.119 0.756 5.097
0.251 0.648 0.384 0.878 0.199 0.251 0.811 0.567 0.348 0.102 4.439
0.283 0.217 0.263 0.816 0.798 0.660 0.476 0.761 0.497 0.391 5.162
0.321 0.839 0.410 0.494 0.304 0.000 0.407 0.338 0.674 0.253 4.040
0.195 0.769 0.695 0.572 0.295 0.598 0.610 0.362 0.155 0.804 5.055
0.468 0.711 0.304 0.573 0.443 0.406 0.202 0.296 0.164 0.343 3.910
0.693 0.592 0.638 0.108 0.642 0.503 0.285 0.241 0.000 0.775 4.477
0.885 0.830 0.378 0.724 0.537 0.753 0.487 0.572 0.729 0.181 6.076